      0/39     7.83G   0.06095  0.009641         0   0.07059        13       640    0.7233    0.7743    0.7524    0.3371   0.07461  0.006605         0
      1/39     10.7G   0.04484  0.006719         0   0.05156        15       640    0.8544    0.8474    0.8688    0.3666   0.05231  0.005524         0
      2/39     10.7G   0.03731  0.005761         0   0.04307        14       640    0.9129     0.908    0.9458     0.533   0.04715  0.004877         0
      3/39     10.7G   0.03437  0.004534         0    0.0389        14       640    0.9442    0.9344    0.9544    0.5918   0.05264  0.004533         0
      4/39     10.7G   0.03438  0.004118         0    0.0385         9       640    0.8959    0.8583    0.8919    0.4875   0.05164  0.005149         0
      5/39     10.7G   0.03174  0.003915         0   0.03566         9       640    0.9276    0.9422    0.9624    0.5884   0.04269  0.004499         0
      6/39     10.7G   0.02983  0.003708         0   0.03354        18       640    0.9619    0.9265    0.9662    0.5887   0.04468  0.003992         0
      7/39     10.7G   0.02878  0.003358         0   0.03214        16       640    0.9726    0.9317    0.9687    0.6004   0.03912  0.003933         0
      8/39     10.7G   0.02748  0.003218         0    0.0307        17       640    0.9757    0.9501      0.97      0.66   0.03693  0.003678         0
      9/39     10.7G   0.02658   0.00293         0   0.02951         8       640     0.971    0.9711    0.9833    0.6686   0.03597  0.003643         0
     10/39     10.7G   0.02541  0.002887         0    0.0283        22       640    0.9414    0.9711     0.977    0.6632   0.03452  0.003495         0
     11/39     10.7G   0.02463  0.002882         0   0.02751        23       640    0.9789    0.9764    0.9839    0.6371   0.03517  0.003486         0
     12/39     10.7G   0.02409  0.002801         0    0.0269         9       640    0.9733     0.958    0.9799    0.6723    0.0326   0.00351         0
     13/39     10.7G   0.02319  0.002812         0     0.026        20       640     0.981    0.9501    0.9812    0.6558   0.03482  0.003348         0
     14/39     10.7G   0.02301  0.002823         0   0.02583        24       640    0.9865    0.9659    0.9891    0.6751   0.03239  0.003418         0
     15/39     10.7G   0.02196  0.002709         0   0.02467        16       640    0.9814    0.9711     0.986    0.6642   0.02986  0.003511         0
     16/39     10.7G   0.02186  0.002694         0   0.02455        11       640    0.9787    0.9685    0.9809    0.6566   0.03002  0.003427         0
     17/39     10.7G   0.02153  0.002673         0    0.0242        11       640    0.9839    0.9659    0.9837    0.6916   0.02932  0.003409         0
     18/39     10.7G   0.02069   0.00267         0   0.02336        14       640    0.9917    0.9449    0.9785    0.6402   0.03169  0.003582         0
     19/39     10.7G   0.02059  0.002537         0   0.02313        11       640    0.9868    0.9843    0.9898    0.7063   0.02764  0.003396         0
     20/39     10.7G   0.02051  0.002576         0   0.02308        22       640    0.9735    0.9633    0.9795    0.6897   0.02899  0.003349         0
